0 0.175387 0.500291 0.297998 0.999418
0 0.175387 0.500582 0.297998 0.997673
0 0.175387 0.508436 0.297998 0.980803
0 0.175387 0.500290 0.297998 0.997091
0 0.175387 0.514543 0.297998 0.968586
0 0.368972 0.500582 0.030937 0.998837
0 0.368972 0.500290 0.030937 0.998255
0 0.368972 0.500290 0.030937 0.997091
0 0.368972 0.524142 0.030937 0.949389
0 0.368972 0.517451 0.030937 0.962769
0 0.368972 0.525015 0.030937 0.947644
0 0.368972 0.520361 0.030937 0.956952
0 0.368972 0.525305 0.030937 0.947062
0 0.405369 0.500582 0.030027 0.998837
0 0.405369 0.521234 0.030027 0.955207
0 0.405369 0.517161 0.030027 0.963351
0 0.405369 0.527923 0.030027 0.941827
0 0.405369 0.522397 0.030027 0.952880
0 0.405369 0.528215 0.030027 0.941245
0 0.405369 0.500582 0.030027 0.998837
0 0.441083 0.500582 0.030482 0.998837
0 0.441083 0.500290 0.030482 0.997091
0 0.441083 0.526760 0.030482 0.944154
0 0.441083 0.515706 0.030482 0.966259
0 0.441083 0.525305 0.030482 0.947062
0 0.486351 0.500582 0.046406 0.998837
0 0.486351 0.500290 0.046406 0.998255
0 0.486351 0.500290 0.046406 0.997091
0 0.486351 0.527051 0.046406 0.943572
0 0.486351 0.515416 0.046406 0.966841
0 0.486351 0.531123 0.046406 0.935428
0 0.619654 0.500290 0.179254 0.998255
0 0.619654 0.500290 0.179254 0.997091
0 0.619654 0.527341 0.179254 0.942990
0 0.619654 0.512508 0.179254 0.972659
0 0.619654 0.527341 0.179254 0.942990
0 0.815742 0.500582 0.153776 0.997673
0 0.815742 0.500290 0.153776 0.997091
0 0.815742 0.507563 0.153776 0.982548
0 0.815742 0.509308 0.153776 0.979058
0 0.815742 0.510471 0.153776 0.976731
0 0.815742 0.500290 0.153776 0.997091
0 0.952912 0.500290 0.079618 0.997091
0 0.952912 0.500290 0.079618 0.997091
0 0.952912 0.500290 0.079618 0.997091
0 0.952912 0.500290 0.079618 0.997091
0 0.952912 0.500290 0.079618 0.997091
0 0.952912 0.500290 0.079618 0.997091
0 0.952912 0.500290 0.079618 0.997091
0 0.952912 0.500290 0.079618 0.997091
0 0.952912 0.500582 0.079618 0.997673