0 0.021000 0.500000 0.035500 0.998000
0 0.021000 0.151834 0.035500 0.301667
0 0.021000 0.151500 0.035500 0.301000
0 0.021000 0.500000 0.035500 0.998000
0 0.067000 0.500000 0.042500 0.998000
0 0.067000 0.092500 0.042500 0.041000
0 0.067000 0.150000 0.042500 0.033333
0 0.067000 0.252333 0.042500 0.039333
0 0.067000 0.339333 0.042500 0.038000
0 0.067000 0.477833 0.042500 0.040333
0 0.067000 0.577333 0.042500 0.034000
0 0.067000 0.684167 0.042500 0.040333
0 0.067000 0.774000 0.042500 0.038000
0 0.067000 0.500000 0.042500 0.998000
0 0.168750 0.500000 0.130500 0.998000
0 0.168750 0.499999 0.130500 0.997333
0 0.168750 0.499999 0.130500 0.997333
0 0.168750 0.499999 0.130500 0.997333
0 0.168750 0.500000 0.130500 0.996667
0 0.168750 0.418333 0.130500 0.207333
0 0.168750 0.500000 0.130500 0.998000
0 0.168750 0.499999 0.130500 0.997333
0 0.168750 0.499999 0.130500 0.997333
0 0.168750 0.499999 0.130500 0.997333
0 0.168750 0.499999 0.130500 0.997333
0 0.168750 0.500000 0.130500 0.998000
0 0.397750 0.500000 0.258500 0.998000
0 0.397750 0.500000 0.258500 0.998000
0 0.397750 0.500167 0.258500 0.997000
0 0.397750 0.807000 0.258500 0.238000
0 0.397750 0.500000 0.258500 0.998000
0 0.641750 0.500000 0.156000 0.998000
0 0.641750 0.451833 0.156000 0.126333
0 0.641750 0.875001 0.156000 0.080667
0 0.641750 0.500000 0.156000 0.998000
0 0.754875 0.500166 0.035750 0.998333
0 0.754875 0.500166 0.035750 0.998333
0 0.754875 0.500166 0.035750 0.997667
0 0.754875 0.500166 0.035750 0.998333
0 0.754875 0.500166 0.035750 0.998333
0 0.754875 0.453834 0.035750 0.120333
0 0.754875 0.854001 0.035750 0.122667
0 0.754875 0.853834 0.035750 0.122333
0 0.754875 0.500166 0.035750 0.997667
0 0.842625 0.500166 0.113250 0.998333
0 0.842625 0.090333 0.113250 0.177333
0 0.842625 0.155001 0.113250 0.040667
0 0.842625 0.258500 0.113250 0.039667
0 0.842625 0.346666 0.113250 0.039333
0 0.842625 0.488001 0.113250 0.038667
0 0.842625 0.587001 0.113250 0.030667
0 0.842625 0.693500 0.113250 0.039667
0 0.842625 0.778334 0.113250 0.036667
0 0.842625 0.880667 0.113250 0.036000
0 0.842625 0.500000 0.113250 0.998000
0 0.954500 0.500000 0.077000 0.998000
0 0.954500 0.500000 0.077000 0.998000