0 0.030187 0.500233 0.051204 0.998603
0 0.030187 0.500232 0.051204 0.997671
0 0.030187 0.500232 0.051204 0.997671
0 0.030187 0.500232 0.051204 0.997671
0 0.030187 0.500232 0.051204 0.997671
0 0.030187 0.500232 0.051204 0.997671
0 0.030187 0.500232 0.051204 0.997671
0 0.030187 0.500232 0.051204 0.997671
0 0.030187 0.500232 0.051204 0.997671
0 0.030187 0.500233 0.051204 0.996740
0 0.030187 0.500233 0.051204 0.996740
0 0.078142 0.500233 0.030187 0.998603
0 0.078142 0.500233 0.030187 0.996740
0 0.078142 0.500233 0.030187 0.996740
0 0.078142 0.341873 0.030187 0.041919
0 0.078142 0.417326 0.030187 0.059618
0 0.078142 0.414765 0.030187 0.465300
0 0.078142 0.500233 0.030187 0.996740
0 0.078142 0.500466 0.030187 0.997205
0 0.078142 0.500232 0.030187 0.997671
0 0.078142 0.500233 0.030187 0.996740
0 0.078142 0.500233 0.030187 0.996740
0 0.078142 0.500233 0.030187 0.998603
0 0.115017 0.500233 0.032098 0.998603
0 0.115017 0.500232 0.032098 0.997671
0 0.115017 0.500232 0.032098 0.997671
0 0.115017 0.500233 0.032098 0.998603
0 0.154375 0.500233 0.034391 0.998603
0 0.154375 0.500232 0.034391 0.997671
0 0.154375 0.500232 0.034391 0.997671
0 0.194497 0.500233 0.033626 0.998603
0 0.194497 0.500233 0.033626 0.996740
0 0.194497 0.500001 0.033626 0.998137
0 0.313144 0.500233 0.167749 0.998603
0 0.313144 0.499999 0.167749 0.997205
0 0.313144 0.500232 0.167749 0.997671
0 0.510127 0.500233 0.166603 0.998603
0 0.510127 0.500232 0.166603 0.997671
0 0.510127 0.500232 0.166603 0.997671
0 0.510127 0.500232 0.166603 0.997671
0 0.804165 0.500233 0.332824 0.998603
0 0.804165 0.500232 0.332824 0.997671
0 0.804165 0.500232 0.332824 0.997671