0 0.026846 0.499800 0.045920 0.998004
0 0.026846 0.456487 0.045920 0.909780
0 0.026846 0.451897 0.045920 0.900599
0 0.026846 0.179241 0.045920 0.354491
0 0.026846 0.215369 0.045920 0.426747
0 0.026846 0.507186 0.045920 0.053892
0 0.026846 0.451697 0.045920 0.900200
0 0.026846 0.451098 0.045920 0.899002
0 0.026846 0.451298 0.045920 0.899401
0 0.026846 0.837125 0.045920 0.024750
0 0.026846 0.450898 0.045920 0.897804
0 0.026846 0.499800 0.045920 0.998802
0 0.071352 0.499800 0.029671 0.998004
0 0.071352 0.224152 0.029671 0.021956
0 0.071352 0.263474 0.029671 0.021557
0 0.071352 0.344311 0.029671 0.026747
0 0.071352 0.411178 0.029671 0.027944
0 0.071352 0.521357 0.029671 0.026347
0 0.071352 0.604191 0.029671 0.019561
0 0.071352 0.690619 0.029671 0.025549
0 0.071352 0.760678 0.029671 0.023553
0 0.071352 0.842914 0.029671 0.017166
0 0.071352 0.889421 0.029671 0.022355
0 0.071352 0.499800 0.029671 0.998802
0 0.106323 0.499800 0.029671 0.998004
0 0.106323 0.493013 0.029671 0.145309
0 0.106323 0.651896 0.029671 0.502994
0 0.106323 0.576048 0.029671 0.325749
0 0.106323 0.473253 0.029671 0.943313
0 0.106323 0.467865 0.029671 0.932535
0 0.106323 0.499801 0.029671 0.997206
0 0.106323 0.499800 0.029671 0.998802
0 0.142176 0.499800 0.030731 0.998004
0 0.142176 0.492615 0.030731 0.138124
0 0.142176 0.637725 0.030731 0.459481
0 0.142176 0.572855 0.030731 0.315369
0 0.142176 0.475050 0.030731 0.946906
0 0.142176 0.483832 0.030731 0.964471
0 0.142176 0.499800 0.030731 0.998802
0 0.179265 0.499800 0.032144 0.998004
0 0.179265 0.493414 0.032144 0.133333
0 0.179265 0.495010 0.032144 0.986826
0 0.179265 0.453692 0.032144 0.903393
0 0.217238 0.500000 0.031791 0.997605
0 0.217238 0.495210 0.031791 0.135329
0 0.217238 0.453493 0.031791 0.902994
0 0.217238 0.572655 0.031791 0.313373
0 0.217238 0.500000 0.031791 0.998403
0 0.254504 0.478244 0.031438 0.094212
0 0.254504 0.571856 0.031438 0.317365
0 0.254504 0.500000 0.031438 0.996806
0 0.254504 0.500000 0.031438 0.998403
0 0.290886 0.500000 0.030025 0.997605
0 0.290886 0.496606 0.030025 0.136527
0 0.290886 0.570459 0.030025 0.300200
0 0.290886 0.451896 0.030025 0.899800
0 0.326740 0.461278 0.030378 0.050699
0 0.326740 0.653093 0.030378 0.472655
0 0.326740 0.500000 0.030378 0.998403
0 0.369834 0.500000 0.042388 0.997605
0 0.369834 0.477845 0.042388 0.088623
0 0.369834 0.571657 0.042388 0.300200
0 0.369834 0.500000 0.042388 0.998403
0 0.697280 0.463672 0.514306 0.923353
0 0.697280 0.500000 0.514306 0.996806