0 0.049971 0.500367 0.084922 0.999267
0 0.049971 0.572528 0.084922 0.853480
0 0.049971 0.578755 0.084922 0.841026
0 0.049971 0.496703 0.084922 0.344322
0 0.049971 0.416117 0.084922 0.180220
0 0.049971 0.622711 0.084922 0.750183
0 0.049971 0.580587 0.084922 0.837363
0 0.049971 0.584615 0.084922 0.829304
0 0.049971 0.584249 0.084922 0.830037
0 0.049971 0.931502 0.084922 0.119414
0 0.049971 0.849084 0.084922 0.291575
0 0.199884 0.500367 0.169844 0.999267
0 0.399769 0.500367 0.169844 0.999267
0 0.399769 0.500733 0.169844 0.998535
0 0.399769 0.500733 0.169844 0.998535
0 0.399769 0.500733 0.169844 0.998535
0 0.599653 0.500367 0.169844 0.999267
0 0.599653 0.636264 0.169844 0.727473
0 0.799538 0.500367 0.169844 0.999267
0 0.799538 0.500366 0.169844 0.997802
0 0.949451 0.500367 0.084922 0.999267
0 0.949451 0.500367 0.084922 0.999267
0 0.949451 0.500367 0.084922 0.999267