0 0.049811 0.500000 0.084411 0.998073
0 0.049811 0.281722 0.084411 0.560231
0 0.049811 0.278348 0.084411 0.553485
0 0.049811 0.336332 0.084411 0.034051
0 0.049811 0.412785 0.084411 0.035336
0 0.049811 0.531963 0.084411 0.040475
0 0.049811 0.635881 0.084411 0.047221
0 0.049811 0.748153 0.084411 0.046900
0 0.049811 0.819627 0.084411 0.030517
0 0.049811 0.898972 0.084411 0.020880
0 0.049811 0.943462 0.084411 0.021201
0 0.132700 0.500161 0.056274 0.998394
0 0.132700 0.210408 0.056274 0.034051
0 0.132700 0.253775 0.056274 0.026984
0 0.132700 0.341150 0.056274 0.029553
0 0.132700 0.417604 0.056274 0.030196
0 0.132700 0.539993 0.056274 0.035978
0 0.132700 0.648249 0.056274 0.052040
0 0.132700 0.500161 0.056274 0.997751
0 0.132700 0.500161 0.056274 0.997751
0 0.132700 0.500161 0.056274 0.997109
0 0.132700 0.852232 0.056274 0.292965
0 0.132700 0.941375 0.056274 0.113395
0 0.132700 0.928686 0.056274 0.139415
0 0.199430 0.500161 0.056654 0.998394
0 0.199430 0.741728 0.056654 0.513974
0 0.199430 0.910054 0.056654 0.177321
0 0.199430 0.944908 0.056654 0.106328
0 0.266160 0.500000 0.056274 0.998073
0 0.266160 0.961292 0.056274 0.074205
0 0.332700 0.500000 0.056274 0.998073
0 0.332700 0.499840 0.056274 0.997751
0 0.399240 0.499840 0.056274 0.997751
0 0.399240 0.499678 0.056274 0.998073
0 0.399240 0.499839 0.056274 0.998394
0 0.465970 0.500000 0.056654 0.998073
0 0.465970 0.500000 0.056654 0.998073
0 0.465970 0.500000 0.056654 0.997430
0 0.465970 0.945069 0.056654 0.106650
0 0.465970 0.500000 0.056654 0.997430
0 0.532700 0.500000 0.056274 0.998073
0 0.532700 0.217315 0.056274 0.020238
0 0.532700 0.261645 0.056274 0.022165
0 0.532700 0.353517 0.056274 0.027305
0 0.532700 0.433665 0.056274 0.028269
0 0.532700 0.559108 0.056274 0.029875
0 0.532700 0.659493 0.056274 0.021201
0 0.532700 0.762287 0.056274 0.024414
0 0.532700 0.835528 0.056274 0.019274
0 0.532700 0.912945 0.056274 0.017347
0 0.532700 0.956152 0.056274 0.015098
0 0.599240 0.499840 0.056274 0.997751
0 0.599240 0.499839 0.056274 0.997109
0 0.599240 0.499839 0.056274 0.997109
0 0.599240 0.499839 0.056274 0.997109
0 0.599240 0.698041 0.056274 0.594925
0 0.599240 0.697238 0.056274 0.597816
0 0.599240 0.499839 0.056274 0.996466
0 0.599240 0.499839 0.056274 0.996466
0 0.599240 0.499839 0.056274 0.996466
0 0.599240 0.692258 0.056274 0.610344
0 0.665780 0.499678 0.056274 0.998073
0 0.665780 0.696273 0.056274 0.597173
0 0.732510 0.499678 0.056654 0.998073
0 0.732510 0.707035 0.056654 0.569226
0 0.732510 0.698040 0.056654 0.597494
0 0.799240 0.500000 0.056274 0.998073
0 0.799240 0.559910 0.056274 0.273691
0 0.799240 0.691936 0.056274 0.612271
0 0.865780 0.500000 0.056274 0.998073
0 0.865780 0.500000 0.056274 0.997430
0 0.932510 0.500000 0.056654 0.998073
0 0.932510 0.500000 0.056654 0.997430
0 0.983079 0.499678 0.028517 0.998073