0 0.025011 0.500533 0.042124 0.998933
0 0.025011 0.500534 0.042124 0.997866
0 0.025011 0.500534 0.042124 0.997866
0 0.025011 0.562167 0.042124 0.873533
0 0.025011 0.588047 0.042124 0.821772
0 0.025011 0.573639 0.042124 0.850587
0 0.025011 0.555762 0.042124 0.886339
0 0.025011 0.595517 0.042124 0.806830
0 0.025011 0.607524 0.042124 0.782818
0 0.025011 0.938367 0.042124 0.120064
0 0.025011 0.938100 0.042124 0.119530
0 0.085564 0.500267 0.060553 0.999466
0 0.085564 0.540822 0.060553 0.916222
0 0.085564 0.577108 0.060553 0.843650
0 0.085564 0.514941 0.060553 0.354322
0 0.085564 0.538954 0.060553 0.290288
0 0.085564 0.609926 0.060553 0.778015
0 0.085564 0.568570 0.060553 0.860726
0 0.085564 0.541889 0.060553 0.914088
0 0.085564 0.500267 0.060553 0.997332
0 0.085564 0.605657 0.060553 0.786553
0 0.085564 0.857524 0.060553 0.281750
0 0.085564 0.540022 0.060553 0.917823
0 0.161694 0.500267 0.068012 0.998399
0 0.161694 0.541622 0.068012 0.207044
0 0.161694 0.565101 0.068012 0.867663
0 0.340939 0.500533 0.236068 0.998933
0 0.340939 0.536820 0.236068 0.181430
0 0.617157 0.500533 0.232997 0.998933
0 0.617157 0.500533 0.232997 0.998933
0 0.617157 0.500267 0.232997 0.998399
0 0.617157 0.500534 0.232997 0.997866
0 0.617157 0.500534 0.232997 0.997866
0 0.617157 0.500534 0.232997 0.997866
0 0.617157 0.500534 0.232997 0.997866
0 0.617157 0.500534 0.232997 0.997866
0 0.877139 0.500533 0.208864 0.998933
0 0.877139 0.500267 0.208864 0.998399
0 0.877139 0.500534 0.208864 0.997866
0 0.877139 0.500534 0.208864 0.997866
0 0.877139 0.500534 0.208864 0.997866
0 0.877139 0.500534 0.208864 0.997866
0 0.877139 0.500534 0.208864 0.997866
0 0.877139 0.500534 0.208864 0.997866
0 0.877139 0.500534 0.208864 0.997866
0 0.877139 0.500267 0.208864 0.997332
0 0.877139 0.500267 0.208864 0.997332