0 0.022606 0.499617 0.038305 0.997702
0 0.022606 0.499617 0.038305 0.998468
0 0.090581 0.500192 0.076923 0.998851
0 0.090581 0.500192 0.076923 0.997319
0 0.090581 0.500192 0.076923 0.997319
0 0.090581 0.609154 0.076923 0.778629
0 0.090581 0.417848 0.076923 0.384527
0 0.090581 0.500383 0.076923 0.996936
0 0.090581 0.500192 0.076923 0.997319
0 0.090581 0.500192 0.076923 0.997319
0 0.090581 0.500192 0.076923 0.997319
0 0.090581 0.568939 0.076923 0.859058
0 0.090581 0.500192 0.076923 0.997319
0 0.181476 0.500192 0.077237 0.998085
0 0.181476 0.500192 0.077237 0.998085
0 0.272371 0.500192 0.076923 0.998085
0 0.272371 0.500192 0.076923 0.998085
0 0.363266 0.500192 0.077237 0.998085
0 0.454160 0.500192 0.076923 0.998085
0 0.454160 0.500192 0.076923 0.996553
0 0.454160 0.500000 0.076923 0.996936
0 0.545054 0.500192 0.077237 0.998085
0 0.635950 0.500383 0.076923 0.998468
0 0.635950 0.500383 0.076923 0.997702
0 0.726845 0.500192 0.077237 0.998085
0 0.726845 0.500383 0.077237 0.997702
0 0.817740 0.500000 0.076923 0.997702
0 0.817740 0.500000 0.076923 0.996936
0 0.817740 0.500000 0.076923 0.997702
0 0.908635 0.500000 0.077237 0.997702
0 0.977080 0.500383 0.038932 0.998468
0 0.977080 0.500192 0.038932 0.998085