0 0.028320 0.500207 0.048220 0.997924
0 0.028320 0.500207 0.048220 0.997094
0 0.028320 0.500207 0.048220 0.997094
0 0.028320 0.500208 0.048220 0.996264
0 0.028320 0.500208 0.048220 0.996264
0 0.028320 0.485886 0.048220 0.967621
0 0.028320 0.605230 0.048220 0.068908
0 0.028320 0.704234 0.048220 0.040266
0 0.028320 0.781652 0.048220 0.029058
0 0.028320 0.874637 0.048220 0.021586
0 0.028320 0.928602 0.048220 0.019095
0 0.028320 0.500000 0.048220 0.998340
0 0.077305 0.500000 0.034443 0.998340
0 0.077305 0.225405 0.034443 0.020756
0 0.077305 0.264425 0.034443 0.022416
0 0.077305 0.349108 0.034443 0.033209
0 0.077305 0.416771 0.034443 0.029058
0 0.077305 0.527813 0.034443 0.028643
0 0.077305 0.614363 0.034443 0.021586
0 0.077305 0.707555 0.034443 0.034454
0 0.077305 0.781860 0.034443 0.432960
0 0.077305 0.907222 0.034443 0.090909
0 0.077305 0.931922 0.034443 0.021586
0 0.077305 0.500000 0.034443 0.998340
0 0.152506 0.500207 0.092997 0.997924
0 0.152506 0.500208 0.092997 0.996264
0 0.152506 0.500207 0.092997 0.997094
0 0.152506 0.500000 0.092997 0.998340
0 0.249904 0.500415 0.071948 0.998340
0 0.249904 0.493359 0.071948 0.936903
0 0.249904 0.500207 0.071948 0.997094
0 0.249904 0.500207 0.071948 0.997094
0 0.249904 0.500207 0.071948 0.997924
0 0.249904 0.500207 0.071948 0.997924
0 0.375813 0.500415 0.141600 0.998340
0 0.375813 0.500208 0.141600 0.996264
0 0.375813 0.500207 0.141600 0.997924
0 0.549177 0.500207 0.153081 0.997924
0 0.549177 0.500208 0.153081 0.996264
0 0.549177 0.499999 0.153081 0.996679
0 0.549177 0.500207 0.153081 0.997094
0 0.549177 0.500000 0.153081 0.998340
0 0.670493 0.500207 0.052813 0.997924
0 0.670493 0.500208 0.052813 0.996264
0 0.670493 0.509132 0.052813 0.884599
0 0.670493 0.500000 0.052813 0.998340
0 0.731535 0.500207 0.050134 0.997924
0 0.731535 0.487963 0.050134 0.971773
0 0.731535 0.493981 0.050134 0.952262
0 0.731535 0.500000 0.050134 0.998340
0 0.782052 0.500207 0.035591 0.997924
0 0.782052 0.500208 0.035591 0.996264
0 0.782052 0.505604 0.035591 0.929846
0 0.782052 0.790369 0.035591 0.284765
0 0.782052 0.500207 0.035591 0.997094
0 0.782052 0.500000 0.035591 0.998340
0 0.825106 0.500207 0.036739 0.997924
0 0.825106 0.488378 0.036739 0.972603
0 0.825106 0.501868 0.036739 0.942300
0 0.825106 0.489000 0.036739 0.969697
0 0.825106 0.499999 0.036739 0.997509
0 0.825106 0.500207 0.036739 0.997924
0 0.825106 0.500000 0.036739 0.998340
0 0.868351 0.500207 0.036739 0.997924
0 0.868351 0.489623 0.036739 0.975093
0 0.868351 0.799087 0.036739 0.317974
0 0.868351 0.799917 0.036739 0.310502
0 0.868351 0.500207 0.036739 0.997094
0 0.868351 0.500207 0.036739 0.997924
0 0.868351 0.500000 0.036739 0.998340
0 0.907769 0.500000 0.029851 0.998340
0 0.907769 0.609589 0.029851 0.343296
0 0.907769 0.668120 0.029851 0.479452
0 0.907769 0.639892 0.029851 0.409714
0 0.907769 0.528435 0.029851 0.835201
0 0.907769 0.500208 0.029851 0.996264
0 0.907769 0.500000 0.029851 0.998340
0 0.962687 0.500000 0.063146 0.998340
0 0.962687 0.499999 0.063146 0.996679
0 0.962687 0.499999 0.063146 0.996679
0 0.962687 0.499999 0.063146 0.996679
0 0.962687 0.500000 0.063146 0.998340