0 0.028784 0.500000 0.048712 0.998242
0 0.028784 0.214945 0.048712 0.426374
0 0.028784 0.216043 0.048712 0.428571
0 0.028784 0.406813 0.048712 0.033846
0 0.028784 0.475604 0.048712 0.037802
0 0.028784 0.583956 0.048712 0.040000
0 0.028784 0.488351 0.048712 0.973187
0 0.028784 0.488791 0.048712 0.974066
0 0.028784 0.497142 0.048712 0.990769
0 0.028784 0.915166 0.048712 0.025495
0 0.028784 0.961319 0.048712 0.024615
0 0.028784 0.500000 0.048712 0.998242
0 0.077495 0.500000 0.034219 0.998242
0 0.077495 0.204176 0.034219 0.294066
0 0.077495 0.327912 0.034219 0.026374
0 0.077495 0.410989 0.034219 0.031648
0 0.077495 0.480659 0.034219 0.032088
0 0.077495 0.590549 0.034219 0.027692
0 0.077495 0.675384 0.034219 0.020659
0 0.077495 0.765714 0.034219 0.027253
0 0.077495 0.836044 0.034219 0.023736
0 0.077495 0.919341 0.034219 0.018022
0 0.077495 0.964615 0.034219 0.014505
0 0.077495 0.500000 0.034219 0.998242
0 0.118358 0.500000 0.034622 0.998242
0 0.118358 0.558461 0.034622 0.129670
0 0.118358 0.639560 0.034622 0.314725
0 0.118358 0.488791 0.034622 0.974066
0 0.118358 0.700440 0.034622 0.444396
0 0.118358 0.499780 0.034622 0.997802
0 0.118358 0.500000 0.034622 0.998242
0 0.159421 0.500000 0.034622 0.998242
0 0.159421 0.557143 0.034622 0.132308
0 0.159421 0.488571 0.034622 0.973626
0 0.159421 0.639780 0.034622 0.324835
0 0.159421 0.499781 0.034622 0.996923
0 0.159421 0.500000 0.034622 0.998242
0 0.199879 0.500000 0.034219 0.998242
0 0.199879 0.544615 0.034219 0.097582
0 0.199879 0.603956 0.034219 0.238242
0 0.199879 0.500000 0.034219 0.996484
0 0.199879 0.500000 0.034219 0.998242
0 0.609904 0.500000 0.662641 0.998242
0 0.609904 0.631649 0.662641 0.300659